1023	0.30996692180633545,0.1049019992351532,0.08762821555137634,0.08688881248235703,0.03213069960474968
1047	0.20101594924926758,0.23492658138275146,0.25054633617401123,0.10142869502305984,0.14605246484279633
1051	-0.01606631651520729,0.3572714328765869,0.3575354218482971,0.11393976211547852,-0.2625097930431366
1070	0.2167542427778244,0.2729376554489136,0.2289281189441681,0.2676401734352112,0.22477422654628754
1093	0.33950042724609375,0.20754040777683258,0.1614915430545807,0.12192051857709885,0.08691828697919846
11	0.009738706052303314,1.0986641645431519,-0.4889131486415863,-0.26920077204704285,-0.21679751574993134
1124	-0.05552957206964493,0.14007556438446045,0.1755729466676712,-0.08502147346735,0.0385134182870388
11443	-0.4666718542575836,-0.12373238056898117,0.1867855191230774,0.07411275804042816,-0.3375526964664459
1148	-0.0088133430108428,0.3220326602458954,0.370793879032135,-0.11419481039047241,-0.2675427198410034
1193	-0.08114151656627655,0.08928871154785156,0.17347504198551178,0.08823695033788681,-0.22780880331993103
1215	-0.7034004330635071,0.5975062251091003,0.18611909449100494,0.1130366399884224,-0.4758520722389221
1288	-0.12415946274995804,0.06817824393510818,-0.0013603816041722894,-0.027124710381031036,-0.11235055327415466
13	0.03803255409002304,0.20643149316310883,0.2230536937713623,-0.2039613574743271,-0.3694685697555542
1306	-0.388986736536026,-0.1073845773935318,0.39049363136291504,-0.2960207462310791,-0.07710717618465424
1347	1.301884412765503,-0.04985422641038895,0.402164489030838,1.3288567066192627,0.5693452954292297
1518	-0.005276694428175688,0.020793773233890533,0.07035183906555176,0.09024057537317276,0.17958234250545502
15289	-0.16650542616844177,0.17692486941814423,-0.1733754277229309,0.18794046342372894,-0.31034931540489197
1541	0.07669094204902649,0.07103730738162994,0.21861590445041656,0.11439195275306702,0.2846980690956116
1550	-0.1876070350408554,0.10009005665779114,0.08286834508180618,-0.19814573228359222,0.08091359585523605
16134	1.1360185146331787,0.5819070935249329,0.6304807662963867,0.691526472568512,0.6234455704689026
1633	-0.01517094299197197,0.1046726256608963,0.2851039469242096,0.2306530773639679,-0.2913077771663666
1664	-0.3905611038208008,0.16562896966934204,0.27138033509254456,0.12318184971809387,-0.11603847146034241
1690	0.21169491112232208,-0.20936822891235352,0.04239121451973915,-0.1738339215517044,0.16012035310268402
1781	0.0828247144818306,-0.013539722189307213,0.3013240396976471,0.06279412657022476,-0.12452345341444016
1790	0.4014749228954315,0.024104245007038116,0.2651786506175995,0.18030239641666412,0.3034455180168152
2028	0.3146289587020874,-0.06427282840013504,0.09998529404401779,0.021181920543313026,0.23220355808734894
220	0.12880446016788483,0.10686513036489487,0.211518332362175,0.07068673521280289,-0.04568382352590561
2216	0.08525806665420532,0.004326353780925274,0.1879856437444687,-0.1077837273478508,-0.2913867235183716
2288	0.04830794781446457,0.22557967901229858,0.2271767109632492,0.19279083609580994,-0.08279834687709808
2294	0.14257650077342987,-0.03902047872543335,0.020986713469028473,-0.23452769219875336,-0.14257889986038208
24930	1.4723491668701172,0.4853277802467346,0.6698271632194519,0.8097947835922241,0.6095452904701233
2512	-0.31720125675201416,0.17630250751972198,0.21108822524547577,0.013898288831114769,-0.07707802951335907
264	0.07851211726665497,0.2814467251300812,0.17499783635139465,0.17991170287132263,0.5454928278923035
2646	-8.650997187942266E-6,0.22607700526714325,0.3254401385784149,0.06396982818841934,0.20920419692993164
279	-0.382065087556839,0.3487059473991394,0.9961132407188416,-0.6052539348602295,0.9334923624992371
30	0.03544314578175545,0.3349757194519043,0.06930683553218842,-0.06624137610197067,-0.15769247710704803
304	-0.015115632675588131,0.3725520968437195,0.22226101160049438,-0.155330091714859,-0.23083338141441345
311	0.2102198302745819,-0.1232982724905014,0.10629766434431076,-0.27825862169265747,-0.2372954785823822
315	0.2032110095024109,0.2509058713912964,0.14996951818466187,0.16827519237995148,-0.34668660163879395
323	-0.14236138761043549,0.1617797464132309,0.13364019989967346,0.044480208307504654,-0.13208289444446564
330	-0.3502512574195862,0.06917119771242142,0.19121776521205902,-0.21005308628082275,-0.18800093233585358
3358	-0.14368297159671783,0.053138550370931625,0.06960006058216095,-0.1045769602060318,-0.2296103835105896
3446	0.15466280281543732,0.30463534593582153,0.39123037457466125,0.19383226335048676,-0.21542489528656006
358	0.13636475801467896,0.10601912438869476,0.5062134861946106,0.08682136237621307,-0.2731539011001587
369	-0.04878474026918411,0.27569276094436646,0.05638665333390236,-0.10105396062135696,-0.24003736674785614
374	0.18086251616477966,0.28673291206359863,0.12219307571649551,0.1310034841299057,-0.28911054134368896
3752	-0.19429494440555573,0.5140526294708252,0.5253534317016602,-0.1728164106607437,-0.35381758213043213
387	-0.33260127902030945,0.3295247554779053,0.13536056876182556,-0.0955343097448349,-0.21389652788639069
389	-0.07811436802148819,0.18535389006137848,0.42483988404273987,0.07224975526332855,-0.11757464706897736
40	0.5128529667854309,0.29527974128723145,0.17779183387756348,0.10449722409248352,-0.002612232230603695
420	0.19999030232429504,0.23419365286827087,0.2509773373603821,3.98037867853418E-4,0.27761009335517883
430	0.1259363293647766,-0.07208909094333649,0.343953013420105,0.06851162016391754,0.26326194405555725
433	0.29538217186927795,-0.23580245673656464,0.3914397656917572,0.020870482549071312,0.19094112515449524
439	-0.27878934144973755,0.20005130767822266,-0.06968118250370026,-0.09323807805776596,-0.301845520734787
449	0.3751896023750305,0.1914101392030716,-0.05898325890302658,0.46161818504333496,0.06750916689634323
459	-0.2612060308456421,-0.07343078404664993,0.17830747365951538,-0.02678920514881611,-0.005438934545964003
4632	0.18634028732776642,0.20782016217708588,0.16214284300804138,0.19839517772197723,-0.30789297819137573
477	-0.09229855984449387,0.24540592730045319,0.24028323590755463,-0.15495194494724274,-0.23649458587169647
480	0.028860818594694138,0.6361421346664429,0.31146669387817383,0.125945046544075,-0.28322526812553406
486	0.1675049215555191,0.6022159457206726,0.4991007447242737,0.09091240912675858,-0.3648653030395508
499	0.0926230400800705,0.3461175560951233,0.5336546897888184,-0.4086054563522339,-0.21592719852924347
505	0.5344343781471252,0.18364596366882324,0.028527358546853065,0.25302982330322266,-0.019594036042690277
527	0.1688365489244461,0.015071019530296326,0.23886367678642273,0.21368764340877533,-0.23565508425235748
539	-0.27654528617858887,0.2332310974597931,0.22265836596488953,-0.3075387179851532,-0.17445823550224304
555	0.03637781739234924,-0.013446703553199768,0.09698106348514557,-0.0993054136633873,-0.12770096957683563
568	-0.17368490993976593,0.20081810653209686,0.28462234139442444,-0.1962740421295166,-0.253741592168808
574	-0.05390980467200279,0.08803341537714005,0.1014137864112854,0.3082965612411499,0.13273119926452637
5818	0.305405855178833,-0.2575252652168274,0.07579564303159714,-0.22925108671188354,-0.4791375696659088
584	0.008263049647212029,0.4002545475959778,0.394804447889328,-0.033378954976797104,-0.1401352435350418
5885	0.3110981583595276,0.46671515703201294,0.006243650335818529,0.22200435400009155,0.09092584252357483
596	-0.3014797866344452,0.4135590195655823,-0.019137518480420113,0.08606906235218048,-0.2562844157218933
617	-0.0016493723960593343,0.19088353216648102,0.061370667070150375,0.16568253934383392,-0.1401054859161377
6338	1.4194262027740479,0.49040138721466064,0.4197811782360077,1.0135040283203125,0.6169944405555725
636	0.20592710375785828,0.08218784630298615,0.16057713329792023,0.12747961282730103,0.0852193832397461
649	0.25114503502845764,-0.002014268422499299,-0.024657823145389557,0.12178406119346619,0.22481316328048706
656	0.031002221629023552,0.13598333299160004,0.40259841084480286,0.07306905090808868,-0.1427655965089798
682	-0.12406311929225922,0.161201611161232,0.10277651250362396,0.19721543788909912,-0.16629968583583832
704	-0.1781236082315445,0.22493517398834229,0.15781883895397186,-0.11313968896865845,-0.11821553856134415
709	-0.008363373577594757,0.10590006411075592,0.3305884897708893,-0.019473150372505188,-0.009207856841385365
719	0.013977393507957458,-0.04599979147315025,0.39610323309898376,-0.0194745734333992,0.05111296474933624
733	-0.13380469381809235,0.2948523461818695,0.2552441954612732,-0.10815922915935516,-0.07857822626829147
779	0.44592660665512085,-0.08669686317443848,-0.08123911917209625,-0.06817717105150223,0.3019285202026367
791	0.3919450044631958,0.10139589011669159,0.42941921949386597,0.21182765066623688,0.17428942024707794
813	-0.20418681204319,0.34329700469970703,0.5224190950393677,0.14726883172988892,-0.018663909286260605
832	-0.19049440324306488,0.07244923710823059,0.15667599439620972,-0.21715587377548218,-0.2740241289138794
912	0.10527701675891876,0.37618187069892883,0.170630544424057,-9.755361825227737E-4,0.14409862458705902
9211	-0.547073245048523,0.5189709067344666,0.2091364860534668,0.09168555587530136,-0.3577469289302826
922	-0.14785245060920715,0.3663146197795868,0.2580803632736206,-0.23160727322101593,-0.19109021127223969
956	-0.01480596512556076,0.2447938621044159,0.04753609001636505,0.05161898210644722,0.14028777182102203
9698	0.47315600514411926,-0.12515264749526978,0.11688978224992752,0.1097680851817131,0.25527000427246094
97007	-0.2250712662935257,0.22727766633033752,0.3742348253726959,0.346346914768219,-0.12661105394363403
